0.00075
0.0985
0
0
0
0
0
0.166667
0
0.125
0
0
0.0909091
0.166667
0.0769231
0
0.2
0.0625
0.117647
0.111111
0.105263
0.1
0.190476
0.136364
0.0869565
0.125
0
0.115385
0.037037
0.107143
0.172414
0.0666667
0.0322581
0.0625
0.121212
0.0882353
0.142857
0.166667
0.108108
0.131579
0.102564
0.125
0.0487805
0.047619
0.162791
0.0681818
0.0888889
0.0869565
0.0638298
0.0625
0.102041
0.12
0.156863
0.0961538
0.132075
0.111111
0.0545455
0.107143
0.175439
0.103448
0.0508475
0.116667
0.0819672
0.0483871
0.0952381
0.109375
0.107692
0.121212
0.164179
0.0882353
0.188406
0.1
0.112676
0.152778
0.0958904
0.121622
0.0933333
0.0526316
0.103896
0.141026
0.0506329
0.0375
0.148148
0.0609756
0.120482
0.0952381
0.0941176
0.0813954
0.137931
0.0909091
0.123596
0.1
0.0549451
0.0652174
0.129032
0.0851064
0.168421
0.03125
0.113402
0.102041
0.141414
0.1
0.0792079
0.127451
0.0776699
0.105769
0.0952381
0.141509
0.130841
0.101852
0.146789
0.127273
0.0540541
0.0892857
0.0884956
0.140351
0.121739
0.12931
0.0683761
0.0932203
0.0588235
0.108333
0.0909091
0.163934
0.113821
0.129032
0.12
0.142857
0.141732
0.078125
0.0852713
0.0923077
0.0687023
0.0606061
0.112782
0.0970149
0.0814815
0.0661765
0.0948905
0.108696
0.0863309
0.0857143
0.106383
0.0985916
0.104895
0.125
0.0965517
0.0958904
0.047619
0.0743243
0.114094
0.153333
0.119205
0.125
0.111111
0.103896
0.0774194
0.108974
0.11465
0.120253
0.0566038
0.06875
0.0869565
0.123457
0.0613497
0.0792683
0.127273
0.0963855
0.0479042
0.0714286
0.0769231
0.0705882
0.146199
0.104651
0.0867052
0.0862069
0.08
0.102273
0.101695
0.0955056
0.106145
0.0944444
0.0994475
0.0659341
0.0983607
0.0923913
0.108108
0.107527
0.0802139
0.117021
0.0740741
0.0789474
0.104712
0.114583
0.0880829
0.134021
0.148718
0.0969388
0.101523
0.10101
0.145729
0.11
0.0746269
0.0841584
0.0788177
0.0980392
0.107317
0.106796
0.0966184
0.0721154
0.138756
0.1
0.137441
0.0943396
0.112676
0.0700935
0.139535
0.087963
0.078341
0.0963303
0.086758
0.0954545
0.117647
0.103604
0.0717489
0.0892857
0.115556
0.110619
0.114537
0.114035
0.0873362
0.104348
0.0822511
0.0732759
0.0858369
0.0854701
0.0893617
0.110169
0.109705
0.0840336
0.108787
0.0916667
0.0954357
0.103306
0.0987654
0.102459
0.0734694
0.117886
0.0931174
0.0927419
0.0803213
0.1
0.0916335
0.103175
0.0948617
0.0944882
0.0980392
0.101562
0.101167
0.100775
0.0888031
0.0961538
0.111111
0.114504
0.0912548
0.128788
0.0830189
0.109023
0.11236
0.104478
0.0743494
0.1
0.125461
0.110294
0.0879121
0.080292
0.0945455
0.134058
0.0866426
0.0827338
0.111111
0.107143
0.088968
0.0992908
0.0777385
0.112676
0.0877193
0.0839161
0.121951
0.0868056
0.0726644
0.0896552
0.109966
0.10274
0.0955631
0.0578231
0.111864
0.118243
0.111111
0.120805
0.090301
0.106667
0.0996678
0.102649
0.125413
0.101974
0.0721311
0.114379
0.110749
0.0941558
0.10356
0.148387
0.073955
0.073718
0.105431
0.089172
0.0825397
0.136076
0.116719
0.0974843
0.0846395
0.125
0.127726
0.111801
0.0959752
0.108025
0.135385
0.101227
0.103976
0.118902
0.130699
0.106061
0.108761
0.126506
0.0930931
0.122754
0.0865672
0.119048
0.0949555
0.091716
0.112094
0.105882
0.0909091
0.0614035
0.0670554
0.0872093
0.124638
0.0953757
0.0979827
0.126437
0.0888252
0.114286
0.108262
0.09375
0.0934844
0.059322
0.0704225
0.0561798
0.0952381
0.0837989
0.0779944
0.113889
0.0831025
0.116022
0.121212
0.0961538
0.0821918
0.106557
0.0926431
0.11413
0.127371
0.0810811
0.0727763
0.107527
0.112601
0.0882353
0.101333
0.119681
0.108753
0.111111
0.110818
0.0947368
0.0918635
0.0680628
0.0913838
0.0755208
0.0857143
0.111399
0.105943
0.118557
0.102828
0.0897436
0.0767263
0.112245
0.0916031
0.101523
0.101266
0.0833333
0.123426
0.133166
0.0927318
0.085
0.107232
0.134328
0.101737
0.123762
0.116049
0.0985222
0.0638821
0.0808824
0.122249
0.1
0.0924574
0.0970874
0.0799031
0.0821256
0.110843
0.100962
0.0863309
0.0789474
0.0763723
0.1
0.102138
0.0971564
0.108747
0.108491
0.117647
0.122066
0.112412
0.123832
0.0979021
0.123256
0.0835267
0.0763889
0.0993072
0.0967742
0.110345
0.107798
0.0892448
0.116438
0.0751708
0.0863636
0.102041
0.0995475
0.117381
0.101351
0.110112
0.141256
0.0917226
0.116071
0.0712695
0.113333
0.0776053
0.0884956
0.101545
0.112335
0.12967
0.111842
0.100656
0.0764192
0.0936819
0.0891304
0.0932755
0.112554
0.0820734
0.0797414
0.101075
0.113734
0.107066
0.108974
0.1258
0.0787234
0.110403
0.0720339
0.0845666
0.109705
0.105263
0.105042
0.100629
0.104603
0.133612
0.102083
0.106029
0.0995851
0.118012
0.0909091
0.0989691
0.0864198
0.0903491
0.0758197
0.106339
0.0816327
0.114053
0.0914634
0.109533
0.097166
0.115152
0.104839
0.104628
0.0963855
0.0981964
0.066
0.10978
0.0996016
0.0894632
0.0753968
0.112871
0.0770751
0.104536
0.114173
0.11002
0.0882353
0.111546
0.107422
0.103314
0.0797665
0.0932039
0.108527
0.112186
0.102317
0.0963391
0.0826923
0.0652591
0.0842912
0.0879541
0.0858779
0.108571
0.095057
0.100569
0.102273
0.100189
0.0886792
0.0828625
0.0977444
0.0750469
0.11236
0.100935
0.0914179
0.0949721
0.107807
0.113173
0.12037
0.10536
0.0940959
0.119705
0.0827206
0.106422
0.113553
0.133455
0.0967153
0.0910747
0.0872727
0.114338
0.0996377
0.0759494
0.106498
0.108108
0.0953237
0.0861759
0.103943
0.100179
0.133929
0.110517
0.0854093
0.115453
0.115248
0.120354
0.118375
0.116402
0.0950704
0.086116
0.0842105
0.10683
0.0909091
0.123909
0.0940767
0.0869565
0.105903
0.0762565
0.0951557
0.110535
0.117241
0.101549
0.109966
0.111492
0.111301
0.0940171
0.0870307
0.0902896
0.0867347
0.0933786
0.0830508
0.103215
0.0929054
0.116358
0.0959596
0.0823529
0.0855705
0.113903
0.0953177
0.0934891
0.113333
0.101498
0.101329
0.0945274
0.0877483
0.112397
0.0907591
0.121911
0.0855263
0.0935961
0.0983607
0.0981997
0.114379
0.115824
0.0863192
0.0894309
0.12013
0.100486
0.0825243
0.0904685
0.0935484
0.099839
0.0787781
0.126806
0.102564
0.1072
0.0958466
0.0956938
0.0971338
0.0953895
0.0920635
0.104596
0.10443
0.0963665
0.0977918
0.0913386
0.111635
0.0957614
0.0924765
0.0923318
0.096875
0.0889236
0.088785
0.096423
0.0838509
0.102326
0.0944272
0.0819165
0.132716
0.11094
0.0953846
0.093702
0.115031
0.104135
0.0978593
0.0961832
0.112805
0.114155
0.0957447
0.0804249
0.0939394
0.110439
0.102719
0.104072
0.112952
0.0917293
0.0975976
0.107946
0.101796
0.0866966
0.108955
0.0938897
0.104167
0.111441
0.102374
0.08
0.0902367
0.104874
0.0884956
0.110457
0.0970588
0.0939794
0.0997067
0.0980966
0.0818713
0.113869
0.106414
0.0917031
0.101744
0.095791
0.0971014
0.111433
0.108382
0.111111
0.10951
0.094964
0.114943
0.0817791
0.103152
0.101574
0.105714
0.105563
0.0840456
0.0967283
0.0923295
0.0921986
0.103399
0.106082
0.0988701
0.0832158
0.104225
0.0998593
0.0912921
0.0911641
0.110644
0.0993007
0.113128
0.0920502
0.0891365
0.0904033
0.0944444
0.0984743
0.109418
0.113416
0.0980663
0.107586
0.0812672
0.104539
0.127747
0.106996
0.10137
0.102599
0.10929
0.0927694
0.122616
0.0884354
0.123641
0.100407
0.098916
0.0960758
0.0891892
0.103914
0.105121
0.0955585
0.0873656
0.103356
0.116622
0.0950469
0.092246
0.102804
0.114667
0.0945406
0.117021
0.102258
0.0888594
0.113907
0.104497
0.0977543
0.120053
0.113307
0.102632
0.105125
0.102362
0.0943644
0.0994764
0.0875817
0.110966
0.0899609
0.0976562
0.0936281
0.0883117
0.116732
0.0893782
0.108668
0.0891473
0.105806
0.0850515
0.0990991
0.100257
0.0949936
0.10641
0.0742638
0.106138
0.0932312
0.11352
0.10828
0.113232
0.0952986
0.0989848
0.095057
0.110127
0.108723
0.112374
0.119798
0.11335
0.110692
0.0942211
0.0890841
0.093985
0.116395
0.095
0.109863
0.113466
0.0896638
0.105721
0.106832
0.0794045
0.104089
0.095297
0.0964153
0.0790123
0.114673
0.0972906
0.110701
0.101966
0.0981595
0.102941
0.0991432
0.108802
0.114774
0.0890244
0.101096
0.0948905
0.120292
0.121359
0.0945455
0.108959
0.0991536
0.100242
0.106152
0.0855422
0.0902527
0.0805288
0.092437
0.0959233
0.101796
0.0861244
0.0872163
0.0942721
0.112038
0.0761905
0.0939358
0.0866983
0.0996441
0.111374
0.0982248
0.100473
0.0991736
0.104953
0.0930507
0.102353
0.0998825
0.115023
0.110199
0.112412
0.0994152
0.0911215
0.113186
0.118881
0.119907
0.0976744
0.101045
0.110209
0.0961761
0.121528
0.106358
0.0993072
0.0922722
0.0967742
0.0978136
0.113793
0.111366
0.0997706
0.112257
0.100686
0.101714
0.0958904
0.102623
0.111617
0.0887372
0.0988636
0.104427
0.100907
0.0951302
0.10181
0.0926554
0.0925508
0.121759
0.105856
0.101237
0.114607
0.0875421
0.0975336
0.113102
0.0883669
0.107263
0.104911
0.117057
0.100223
0.0923248
0.102222
0.102109
0.105322
0.0963455
0.123894
0.110497
0.104857
0.106946
0.0991189
0.10231
0.0813187
0.118551
0.104167
0.102957
0.101751
0.095082
0.132096
0.110142
0.117647
0.0848749
0.0923913
0.0977199
0.0878525
0.104009
0.0963203
0.109189
0.0928726
0.106796
0.0829741
0.0979548
0.105376
0.0827068
0.106223
0.0932476
0.0888651
0.0983957
0.104701
0.102455
0.0991471
0.0969116
0.115957
0.109458
0.0997877
0.117709
0.0889831
0.0846561
0.112051
0.121436
0.103376
0.0958904
0.104211
0.084122
0.0976891
0.115425
0.081761
0.110995
0.0951883
0.0982236
0.104384
0.0938478
0.096875
0.0967742
0.107069
0.111111
0.0923237
0.105699
0.10352
0.107549
0.103306
0.111455
0.104124
0.102987
0.11214
0.100719
0.122177
0.0933333
0.0942623
0.0941658
0.112474
0.101124
0.0969388
0.108053
0.0936864
0.093591
0.112805
0.0923858
0.0993915
0.0962513
0.0981781
0.10819
0.108081
0.106963
0.0917339
0.102719
0.0955734
0.0974874
0.0963855
0.105316
0.102204
0.0880881
0.103

0
0
0.333333
0
0
0
0
0
0.111111
0.2
0.272727
0.0833333
0.0769231
0.0714286
0
0.125
0
0
0.0526316
0.15
0.047619
0.136364
0.130435
0.166667
0.04
0.115385
0.111111
0.0714286
0
0.0666667
0.0645161
0.125
0.121212
0.0294118
0
0.0555556
0.189189
0.131579
0.0769231
0.1
0.097561
0.119048
0.139535
0.113636
0.155556
0.108696
0.0638298
0.104167
0.122449
0.06
0.0588235
0.134615
0.0754717
0.0740741
0.109091
0.142857
0.0526316
0.155172
0.0847458
0.05
0.0983607
0.145161
0.0952381
0.09375
0.0923077
0.0606061
0.0597015
0.102941
0.0724638
0.0857143
0.056338
0.125
0.0958904
0.0945946
0.0666667
0.0394737
0.025974
0.0641026
0.0379747
0.075
0.0617284
0.0853659
0.060241
0.047619
0.0823529
0.0581395
0.045977
0.125
0.0674157
0.0666667
0.0879121
0.076087
0.0215054
0.0638298
0.0842105
0.09375
0.0515464
0.0816327
0.131313
0.06
0.108911
0.0882353
0.0776699
0.0865385
0.104762
0.0943396
0.046729
0.111111
0.0825688
0.0545455
0.108108
0.0625
0.0884956
0.0701754
0.0695652
0.0517241
0.0854701
0.0932203
0.0504202
0.025
0.107438
0.131148
0.0569106
0.0887097
0.12
0.111111
0.125984
0.09375
0.124031
0.107692
0.0916031
0.0757576
0.120301
0.0895522
0.0814815
0.117647
0.10219
0.123188
0.0863309
0.0642857
0.0851064
0.056338
0.104895
0.118056
0.0758621
0.0753425
0.0816327
0.0540541
0.0872483
0.1
0.0860927
0.0460526
0.0718954
0.0909091
0.0709677
0.128205
0.0764331
0.0632911
0.081761
0.1
0.0745342
0.0555556
0.0858896
0.0914634
0.0606061
0.0843373
0.0658683
0.0714286
0.0769231
0.117647
0.0643275
0.0755814
0.104046
0.0689655
0.0857143
0.107955
0.107345
0.0842697
0.0782123
0.127778
0.0773481
0.126374
0.0928962
0.0815217
0.113514
0.0591398
0.0909091
0.0904255
0.0846561
0.1
0.0732984
0.0833333
0.145078
0.0824742
0.0769231
0.0765306
0.0964467
0.0909091
0.0854271
0.07
0.0646766
0.0940594
0.0689655
0.0539216
0.097561
0.092233
0.0724638
0.0673077
0.100478
0.1
0.0900474
0.0754717
0.122066
0.130841
0.0651163
0.0416667
0.124424
0.0642202
0.109589
0.109091
0.081448
0.0495495
0.0852018
0.0625
0.0755556
0.079646
0.105727
0.0877193
0.104803
0.0826087
0.112554
0.0948276
0.0815451
0.0940171
0.102128
0.0805085
0.0801688
0.0798319
0.0794979
0.104167
0.0995851
0.0743802
0.106996
0.0983607
0.0938776
0.0772358
0.097166
0.116935
0.104418
0.072
0.0796813
0.0634921
0.083004
0.0866142
0.054902
0.0625
0.0544747
0.112403
0.0772201
0.0846154
0.0651341
0.0687023
0.0722433
0.0757576
0.0867925
0.0864662
0.0599251
0.108209
0.111524
0.0888889
0.0885609
0.0772059
0.0695971
0.105839
0.112727
0.0942029
0.0866426
0.0755396
0.0752688
0.1
0.0640569
0.117021
0.0565371
0.105634
0.122807
0.0944056
0.0836237
0.0416667
0.0795848
0.0896552
0.0859107
0.0650685
0.0955631
0.0816327
0.111864
0.101351
0.0606061
0.11745
0.0735786
0.0733333
0.089701
0.0827815
0.0693069
0.0756579
0.0819672
0.0686275
0.0879479
0.0746753
0.0744337
0.1
0.102894
0.0961538
0.102236
0.0987261
0.0920635
0.107595
0.0914826
0.0974843
0.100313
0.1
0.0903427
0.068323
0.0804954
0.0895062
0.0984615
0.107362
0.103976
0.0731707
0.0881459
0.0636364
0.0906344
0.0662651
0.0960961
0.0868263
0.107463
0.0744048
0.0830861
0.106509
0.0914454
0.102941
0.0615836
0.0643275
0.0816327
0.0901163
0.121739
0.083815
0.092219
0.0632184
0.0773639
0.105714
0.0655271
0.0909091
0.0708215
0.0988701
0.115493
0.0589888
0.0840336
0.0865922
0.0724234
0.0944444
0.0941828
0.0883978
0.0881543
0.0796703
0.112329
0.0874317
0.106267
0.0978261
0.0894309
0.072973
0.0673854
0.0752688
0.075067
0.0935829
0.101333
0.0824468
0.0981432
0.0899471
0.118734
0.0736842
0.0866142
0.0811518
0.075718
0.0911458
0.0883117
0.0958549
0.0801034
0.0902062
0.107969
0.0846154
0.107417
0.0841837
0.114504
0.0812183
0.0759494
0.0707071
0.093199
0.080402
0.0902256
0.105
0.0922693
0.079602
0.08933
0.0965347
0.0740741
0.0738916
0.0909091
0.110294
0.0831296
0.0780488
0.0681265
0.0825243
0.104116
0.103865
0.0819277
0.0745192
0.0743405
0.0813397
0.0859189
0.097619
0.0997625
0.063981
0.0614657
0.0896226
0.0752941
0.103286
0.0725995
0.0981308
0.0955711
0.0953488
0.102088
0.0902778
0.073903
0.0967742
0.103448
0.087156
0.12357
0.0821918
0.0842825
0.109091
0.0839002
0.115385
0.0880361
0.123874
0.0629213
0.0784753
0.0715884
0.0959821
0.0890869
0.104444
0.0731707
0.0818584
0.0993377
0.0726872
0.0901099
0.114035
0.0787746
0.0633188
0.0893246
0.0891304
0.0672451
0.0865801
0.0863931
0.0948276
0.0860215
0.0793991
0.0835118
0.100427
0.0895522
0.0978723
0.0679406
0.116525
0.103594
0.105485
0.0968421
0.0966387
0.0964361
0.08159
0.0793319
0.0791667
0.0956341
0.0809129
0.0745342
0.123967
0.101031
0.0967078
0.0616016
0.0942623
0.100204
0.0877551
0.0936864
0.0670732
0.0811359
0.117409
0.0828283
0.0967742
0.0945674
0.0903614
0.0861723
0.084
0.0678643
0.0796813
0.083499
0.093254
0.0633663
0.06917
0.0927022
0.0728346
0.0687623
0.0784314
0.0704501
0.0800781
0.0896686
0.0933852
0.0990291
0.0717054
0.0793037
0.0945946
0.0944123
0.0692308
0.0786948
0.0727969
0.0764818
0.104962
0.0971429
0.0779468
0.0683112
0.0890151
0.094518
0.0849057
0.103578
0.0601504
0.0825516
0.0861423
0.0766355
0.102612
0.0800745
0.0892193
0.0871985
0.0722222
0.0942699
0.0830258
0.0736648
0.121324
0.102752
0.0952381
0.104205
0.0766423
0.0856102
0.0745455
0.101633
0.105072
0.0904159
0.0884477
0.0918919
0.0755396
0.0628366
0.112903
0.0894454
0.0785714
0.0802139
0.108541
0.0781528
0.0921986
0.0920354
0.102473
0.0846561
0.0809859
0.0755712
0.0877193
0.0945709
0.0996504
0.104712
0.108014
0.0904348
0.0902778
0.0727903
0.0899654
0.0846287
0.0758621
0.0722892
0.113402
0.084048
0.0684932
0.100855
0.0870307
0.076661
0.0935374
0.0848896
0.0983051
0.0947547
0.0692568
0.0826307
0.0993266
0.0907563
0.0704698
0.082077
0.0869565
0.0851419
0.11
0.078203
0.0963455
0.0978441
0.0811258
0.104132
0.0841584
0.0906096
0.0789474
0.0968801
0.0852459
0.0785597
0.109477
0.08646
0.0993485
0.099187
0.0616883
0.103728
0.0889968
0.12601
0.0903226
0.107891
0.0803858
0.102729
0.0961538
0.0896
0.0910543
0.0781499
0.122611
0.0985692
0.084127
0.0966719
0.0791139
0.0884676
0.0914826
0.0913386
0.0738994
0.0847724
0.0909091
0.0798122
0.103125
0.0951638
0.0934579
0.096423
0.0807453
0.096124
0.0727554
0.0788253
0.0802469
0.0616333
0.0907692
0.0860215
0.0874233
0.0842266
0.0978593
0.0977099
0.118902
0.086758
0.0759878
0.0925645
0.0727273
0.0877458
0.0996979
0.0995475
0.0918675
0.0857143
0.0915916
0.0689655
0.0898204
0.103139
0.080597
0.107303
0.110119
0.077266
0.0890208
0.0977778
0.0946746
0.0753324
0.079646
0.0913108
0.1
0.0983847
0.0967742
0.102489
0.0745614
0.0846715
0.0685131
0.0902475
0.0930233
0.0682148
0.084058
0.0694645
0.118497
0.0735931
0.0965418
0.0820144
0.0833333
0.0989957
0.0730659
0.0872675
0.1
0.10271
0.0925926
0.0825036
0.0923295
0.0865248
0.124646
0.0891089
0.0974576
0.0888575
0.0901408
0.0914205
0.0828652
0.0799439
0.092437
0.0839161
0.0907821
0.0934449
0.0905292
0.0973574
0.104167
0.0887656
0.0817175
0.0788382
0.120166
0.0731035
0.0826446
0.0797799
0.0879121
0.102881
0.10411
0.0916553
0.0901639
0.0927694
0.0803815
0.103401
0.0910326
0.0895522
0.0894309
0.0947226
0.0905405
0.097166
0.0929919
0.0888291
0.0860215
0.0926175
0.0884719
0.0829987
0.101604
0.100134
0.092
0.0838882
0.115691
0.0996016
0.0875332
0.0874172
0.112434
0.0792602
0.0870712
0.101449
0.107895
0.0840999
0.0839895
0.0773263
0.0811518
0.0784314
0.0992167
0.114733
0.0846354
0.10013
0.0935065
0.0817121
0.0971503
0.100906
0.0968992
0.0916129
0.0863402
0.0952381
0.0886889
0.071887
0.107692
0.0883483
0.0792839
0.0817369
0.0765306
0.0789809
0.0852417
0.0864041
0.0888325
0.0887199
0.0873418
0.0872314
0.0921717
0.105927
0.081864
0.108176
0.0829146
0.0865747
0.0914787
0.0963705
0.09875
0.0923845
0.0810474
0.0921544
0.0970149
0.0819876
0.0905707
0.0916976
0.0977723
0.0914709
0.0790123
0.0900123
0.070197
0.0947109
0.0835381
0.0993865
0.0845588
0.0832313
0.100244
0.103785
0.0951219
0.0986602
0.104623
0.0850547
0.0740291
0.0921212
0.112591
0.0918984
0.0833333
0.0772014
0.0891566
0.0926594
0.0877404
0.0864346
0.0839329
0.0946108
0.0897129
0.0967742
0.0859189
0.0810489
0.0714286
0.0689655
0.0760095
0.0877817
0.0912322
0.0816568
0.0957447
0.0920897
0.0884434
0.0789164
0.0870588
0.0752056
0.0856808
0.0926143
0.087822
0.0900585
0.0829439
0.0968495
0.0885781
0.0861467
0.0860465
0.0847851
0.0835267
0.104287
0.0949074
0.0739884
0.0831409
0.0841984
0.0967742
0.0920598
0.0954023
0.0884041
0.0928899
0.0973654
0.104119
0.101714
0.0913242
0.0969213
0.0808656
0.105802
0.0829545
0.0851305
0.0748299
0.0849377
0.0904977
0.0858757
0.0914221
0.0890643
0.0788288
0.0888639
0.0820225
0.0819304
0.0695067
0.103024
0.0671141
0.0916201
0.0904018
0.0802676
0.0924276
0.0745273
0.0844444
0.105438
0.0920177
0.0841639
0.0929204
0.0839779
0.0816777
0.0992282
0.0881057
0.0979098
0.0813187
0.0834248
0.0910088
0.0777656
0.0973742
0.0928962
0.0927948
0.104689
0.0980392
0.107726
0.0630435
0.0933768
0.0954447
0.0942579
0.0952381
0.0940541
0.0917927
0.0830636
0.0915948
0.0925727
0.0784946
0.0955961
0.0718884
0.0846731
0.0760171
0.105882
0.0833333
0.0736393
0.0831556
0.0777423
0.101064
0.0669501
0.0902335
0.0901379
0.0995763
0.0846561
0.0697674
0.0876452
0.0991561
0.0779768
0.106316
0.0946372
0.0819328
0.0944386
0.091195
0.0827225
0.084728
0.0856844
0.0688935
0.0865485
0.096875
0.100937
0.0821206
0.0820353
0.0850622
0.0901554
0.0848861
0.0630817
0.0991736
0.0650155
0.0886598
0.106076
0.111111
0.0986639
0.0759754
0.0666667
0.0891393
0.087001
0.0797546
0.0786517
0.0908163
0.0988787
0.0916497
0.0762971
0.104675
0.0852792
0.0892495
0.0982776
0.0840081
0.082912
0.0979798
0.0918264
0.101815
0.0916415
0.0945674
0.101508
0.0853414
0.0932798
0.0991984
0.0760761
0.089
